# Wavelength[nm], Reflectance
1.338893129007029984e+03 7.817103903124614783e-01
1.339081045459214920e+03 7.744653907744676324e-01
1.339268839729051479e+03 7.758844009550049936e-01
1.339456633998888037e+03 7.849646238023461065e-01
1.339644672633421806e+03 7.860341084720163796e-01
1.339832711267955574e+03 7.821496507990650660e-01
1.340020749902489342e+03 7.854353516985245198e-01
1.340208910719371715e+03 7.840531209631862453e-01
1.340397071536254089e+03 7.877151664694349575e-01
1.340585232353136462e+03 7.844229739973359594e-01
1.340773515352367440e+03 7.856581808148631607e-01
1.340961798351598418e+03 7.769607772558642100e-01
1.341150203533178001e+03 7.810231225634270968e-01
1.341338730897106188e+03 7.816948168973409938e-01
1.341527258261034376e+03 7.899659583018833198e-01
1.341715785624962791e+03 7.818113637095669421e-01
1.341904312988890979e+03 7.786028715298760616e-01
1.342092962535167771e+03 7.836384687455479892e-01
1.342281734263793169e+03 7.782528045428226404e-01
1.342470505992418794e+03 7.721620579562017417e-01
1.342659277721044191e+03 7.783262214357944409e-01
1.342848293814367025e+03 7.736919847677623530e-01
1.343037187725341028e+03 7.700637971125314785e-01
1.343226203818663862e+03 7.660544890273972563e-01
1.343415219911986696e+03 7.610273476913804735e-01
1.343604358187657908e+03 7.569071738878619948e-01
1.343793496463329348e+03 7.448777412436260459e-01
1.343982756921349392e+03 7.449645516353844421e-01
1.344172139561718041e+03 7.364567470013334560e-01
1.344361277837389252e+03 7.197616544339383582e-01
1.344550782660106506e+03 6.961188617389427735e-01
1.344740165300475155e+03 6.823779499424466044e-01
1.344929792305541014e+03 6.687594469619209114e-01
1.345119297128258268e+03 6.859878453181595948e-01
1.345308924133324126e+03 7.029112025468648994e-01
1.345498673320738590e+03 7.255397286898773723e-01
1.345688300325804448e+03 7.432826394654841184e-01
1.345878171695567744e+03 7.550037035501504512e-01
1.346068043065330812e+03 7.660764655800705869e-01
1.346257914435093880e+03 7.729084309010249010e-01
1.346447907987205554e+03 7.799984513307813838e-01
1.346637901539317454e+03 7.775694016373961848e-01
1.346827895091429127e+03 7.835166450295824037e-01
1.347018010825889405e+03 7.823127983646344097e-01
1.347208248742698515e+03 7.821893123896126454e-01
1.347398486659507398e+03 7.859457686454933700e-01
1.347588724576316508e+03 7.834404028143173715e-01
1.347779206857822601e+03 7.888189834215347807e-01
1.347969566956980316e+03 7.919043158084527745e-01
1.348160049238486636e+03 7.918504049049740479e-01
1.348350531519992728e+03 7.947732808183896047e-01
1.348541135983847653e+03 7.966605653026315181e-01
1.348731862630051182e+03 7.966509223627881164e-01
1.348922467093906107e+03 7.868329953651124198e-01
1.349113193740109409e+03 7.922842136726208073e-01
1.349304042568661544e+03 7.860690335731461698e-01
1.349494891397213678e+03 7.953316041415059434e-01
1.349685862408114417e+03 7.921611799956176370e-01
1.349876833419015156e+03 7.941468041578831905e-01
1.350067926612264500e+03 7.934060388739527792e-01
1.350258897623165240e+03 7.949968878133039096e-01
1.350450112998763188e+03 7.902794463413472803e-01
1.350641328374361365e+03 7.875806189796722423e-01
1.350832543749959314e+03 7.889841224326822333e-01
1.351023881307905867e+03 7.967488012124845920e-01
1.351215341048201026e+03 7.911070571347338376e-01
1.351406556423799202e+03 7.960137839916456848e-01
1.351598138346442965e+03 7.967578797493345411e-01
1.351789720269086956e+03 8.000028430824497327e-01
1.351981424374079324e+03 7.953305647187648431e-01
1.352173128479071920e+03 7.944118518598617396e-01
1.352364832584064288e+03 7.872749612228241434e-01
1.352556536689056884e+03 7.976023094878353925e-01
1.352748362976397857e+03 7.934436756310038197e-01
1.352940311446087662e+03 7.954548273254061774e-01
1.353132259915777468e+03 7.951456162313830234e-01
1.353324330567815878e+03 7.933221055393998578e-01
1.353516401219854060e+03 7.966281049457064611e-01
1.353708349689543866e+03 7.926448589827965741e-01
1.353900542523930881e+03 7.990060120273698718e-01
1.354092857540666500e+03 7.979720234565949033e-01
1.354285172557402120e+03 7.968657468236051145e-01
1.354477609756486345e+03 7.953743544730758064e-01
1.354670046955570569e+03 7.977411885288928639e-01
1.354862361972306189e+03 7.926199669443427798e-01
1.355054921353739019e+03 7.991996862743204755e-01
1.355247480735171848e+03 8.010145644420708644e-01
1.355440162298953510e+03 7.965204599873724201e-01
1.355632966045083549e+03 8.007305406569532602e-01
1.355825525426516379e+03 7.952449360404572065e-01
1.356018451354995250e+03 8.046514624618922307e-01
1.356211255101125289e+03 7.919185316582130207e-01
1.356404303211952538e+03 8.022762377390734168e-01
1.356597229140431409e+03 7.906305702917321154e-01
1.356790277251258658e+03 7.944350607776651252e-01
1.356983325362086134e+03 7.978661142271671336e-01
1.357176495655261988e+03 7.992916934365436044e-01
1.357369788130786674e+03 7.993547044331467122e-01
1.357563080606311360e+03 7.952618776622191188e-01
1.357756373081835818e+03 7.996203192814916871e-01
1.357949787739709109e+03 8.006744108183395658e-01
1.358143202397582399e+03 8.005287044513172967e-01
1.358336739237804295e+03 7.981057923406329468e-01
1.358530276078026191e+03 7.939729079215002150e-01
1.358723935100596691e+03 7.949581934709625264e-01
1.358917716305515796e+03 7.933860640816348120e-01
1.359111375328086297e+03 7.949463900030746544e-01
1.359305156533005402e+03 7.932129411680796105e-01
1.359499059920273112e+03 8.037582489631930338e-01
1.359692963307540822e+03 8.034666313675965510e-01
1.359886988877157137e+03 8.031874971513416339e-01
1.360081014446773452e+03 8.040786172982554714e-01
1.360274917834041162e+03 7.974539609458676237e-01
1.360469187768354914e+03 8.045463244099958500e-01
1.360663457702668438e+03 7.978099120632319297e-01
1.360857727636982190e+03 7.916718701188082408e-01
1.361052119753644320e+03 7.989528291611581734e-01
1.361246389687958072e+03 7.932553636162655852e-01
1.361440781804620201e+03 7.940608622222561364e-01
1.361635296103631163e+03 7.917814561128615480e-01
1.361829932584990502e+03 7.973066669595493261e-01
1.362024569066350068e+03 7.962195691608608961e-01
1.362219327730058239e+03 7.956191342305969361e-01
1.362413964211417579e+03 7.921867101133319711e-01
1.362608722875125750e+03 7.967846831214492331e-01
1.362803481538833921e+03 7.985729610310883242e-01
1.362998606749587907e+03 7.971357689713540751e-01
1.363193487595644683e+03 7.903184692447912107e-01
1.363388490624050064e+03 7.897155494844123602e-01
1.363583615834804050e+03 7.833394913204515531e-01
1.363778741045558036e+03 7.757921687921263132e-01
1.363973988438660626e+03 7.904669119086449314e-01
1.364169235831763217e+03 7.931946847723208016e-01
1.364364605407214412e+03 7.965974723712231365e-01
1.364559974982665608e+03 7.936615972640214123e-01
1.364755344558116803e+03 8.003964977614658194e-01
1.364950958498265436e+03 7.973243129044839117e-01
1.365146450256065236e+03 7.946115959883339741e-01
1.365342186378562246e+03 7.872611780780136570e-01
1.365537678136362274e+03 7.882931795424555910e-01
1.365733414258859284e+03 7.925037641330873184e-01
1.365929272563705126e+03 7.913899204525582931e-01
1.366125130868550741e+03 7.966035077468159864e-01
1.366321111355745188e+03 7.909469398578981014e-01
1.366516969660590803e+03 7.871970729898158936e-01
1.366712950147785250e+03 7.953836992970382269e-01
1.366909174999676907e+03 7.905373705263810669e-01
1.367105277669219959e+03 7.877469385950305325e-01
1.367301624703459993e+03 7.857702854284659422e-01
1.367497727373003045e+03 7.879769869125397008e-01
1.367694074407243306e+03 7.926984281088012008e-01
1.367890543623832173e+03 7.937340303003648234e-01
1.368086890658072434e+03 7.888460005717097268e-01
1.368283482057009905e+03 7.944115761251223651e-01
1.368480073455947377e+03 7.965973141423640103e-01
1.368676664854884848e+03 7.930431230078700544e-01
1.368873378436170924e+03 7.926932232819685620e-01
1.369070092017457000e+03 7.926093304390742222e-01
1.369266805598743304e+03 8.013597455325234264e-01
1.369463885727075194e+03 7.945198806824541604e-01
1.369660721490709875e+03 7.868690116165528714e-01
1.369857679436693388e+03 7.810651203556001620e-01
1.370054759565025279e+03 7.836452371764269786e-01
1.370251839693357169e+03 7.917305852945145661e-01
1.370449042004037892e+03 7.941158738208572432e-01
1.370646122132369783e+03 7.944263659345217610e-01
1.370843446625399110e+03 7.925452205368096470e-01
1.371040893300777043e+03 7.994719633395916958e-01
1.371238339976154748e+03 7.930789894911459692e-01
1.371435786651532680e+03 7.919964750282519894e-01
1.371633233326910613e+03 7.834500830461843535e-01
1.371830680002288318e+03 7.809804307963432723e-01
1.372028493224712065e+03 7.808283718265096596e-01
1.372226184264787207e+03 7.891466392384079986e-01
1.372423997487210954e+03 7.922864332756603956e-01
1.372621688527286096e+03 7.889601223165453314e-01
1.372819623932058448e+03 7.884717001912132650e-01
1.373017559336830800e+03 7.879003282970974409e-01
1.373215494741603152e+03 7.870322991202963747e-01
1.373413674511072713e+03 7.914237444183574999e-01
1.373611732098193897e+03 7.931552625777290588e-01
1.373809911867663459e+03 7.918731453567509071e-01
1.374008213819481625e+03 7.949021089244256988e-01
1.374206515771299792e+03 7.949561650387352296e-01
1.374404939905466790e+03 7.932087527219091605e-01
1.374603241857284956e+03 7.924467221162482256e-01
1.374801788173800560e+03 7.967248243976492450e-01
1.375000334490315936e+03 7.900904378621387281e-01
1.375199002989180144e+03 7.947450672936311467e-01
1.375397671488044125e+03 7.969640305512507572e-01
1.375596217804559728e+03 7.942230495526392264e-01
1.375795008485772314e+03 8.002274095452074354e-01
1.375993921349333732e+03 7.991721465223481369e-01
1.376192834212895150e+03 7.975180010866177449e-01
1.376391869258805173e+03 7.991746209836356751e-01
1.376590782122366363e+03 7.937117412704803865e-01
1.376789939350624991e+03 7.948222156349942225e-01
1.376989096578883618e+03 7.940865861463196618e-01
1.377188375989490851e+03 7.913917545857211966e-01
1.377387655400098083e+03 7.984052394274743225e-01
1.377586934810705316e+03 7.895101388443507284e-01
1.377786336403661153e+03 7.845990889886952369e-01
1.377985737996616990e+03 7.877220894235947846e-01
1.378185261771921660e+03 7.872599897086908216e-01
1.378384785547226102e+03 7.900320833849233670e-01
1.378584431504879149e+03 7.888376662188909538e-01
1.378784199644880800e+03 7.867014389213413672e-01
1.378983967784882680e+03 7.845858306325567133e-01
1.379183858107232936e+03 7.835447299591298265e-01
1.379383748429583420e+03 7.794180549815193926e-01
1.379583516569585072e+03 7.801403998244326177e-01
1.379783529074284161e+03 7.846881223447028653e-01
1.379983663761331627e+03 7.804194373809602014e-01
1.380183798448379321e+03 7.845824140984256623e-01
1.380383933135427014e+03 7.833519217510493959e-01
1.380584190004823085e+03 7.711338113454426768e-01
1.380784569056567989e+03 7.667346710685499778e-01
1.380984948108312892e+03 7.737968817485673112e-01
1.381185327160057795e+03 7.736405144624997066e-01
1.381385706211802471e+03 7.817178699052930169e-01
1.381586329628244584e+03 7.847022925002656857e-01
1.381786953044686697e+03 7.881926270124460787e-01
1.381987698643477415e+03 7.859581787483032045e-01
1.382188444242268361e+03 7.862535684740082909e-01
1.382389189841059078e+03 7.825116616690627191e-01
1.382590057622198401e+03 7.852619586636282456e-01
1.382790925403337724e+03 7.928136427752243698e-01
1.382992037549174256e+03 7.853814162931059828e-01
1.383193027512662411e+03 7.857399731250203079e-01
1.383394017476150339e+03 7.758711905914575935e-01
1.383595251804335476e+03 7.709632227176438368e-01
1.383796486132520840e+03 7.783612629768071889e-01
1.383997842643054582e+03 7.809797418737441932e-01
1.384199076971239947e+03 7.770261327606429180e-01
1.384400555664122294e+03 7.793113563698998991e-01
1.384602034357004868e+03 7.703581006865519720e-01
1.384803635232235820e+03 7.735280230230165976e-01
1.385005113925118394e+03 7.776415032486235779e-01
1.385206836982698178e+03 7.795551548823497212e-01
1.385408560040277962e+03 7.759866363618067586e-01
1.385610405280206123e+03 7.712503476188190543e-01
1.385812250520134512e+03 7.815790677127428809e-01
1.386014095760062901e+03 7.743821892192289669e-01
1.386216063182339894e+03 7.704017314764894930e-01
1.386418030604616888e+03 7.734570670479776755e-01
1.386620242391591091e+03 7.773108729731329491e-01
1.386822331996216690e+03 7.725172985197924502e-01
1.387024543783190893e+03 7.684344715871120890e-01
1.387226877752513928e+03 7.658441640676971751e-01
1.387429211721836737e+03 7.616907376326560453e-01
1.387631545691159545e+03 7.665298375017931543e-01
1.387834124025179563e+03 7.661685767409124326e-01
1.388036580176851203e+03 7.672638908643104605e-01
1.388239158510871221e+03 7.662748232038774088e-01
1.388441859027240071e+03 7.587396860915479602e-01
1.388644559543608693e+03 7.662007126415937286e-01
1.388847260059977543e+03 7.570218373715238425e-01
1.389050082758694771e+03 7.573262865094034790e-01
1.389253027639760830e+03 7.629470130565663144e-01
1.389456094703175495e+03 7.612460458986912704e-01
1.389659161766589932e+03 7.607357540962413900e-01
1.389862106647655992e+03 7.616169032760120583e-01
1.390065295893419261e+03 7.575192518500021288e-01
1.390268485139182530e+03 7.534054075974356834e-01
1.390471796567294405e+03 7.547735117102444269e-01
1.390675107995406279e+03 7.550841776436469921e-01
1.390878541605866758e+03 7.479445563416631249e-01
1.391081975216327237e+03 7.366504768085929689e-01
1.391285531009136321e+03 7.472105355058902276e-01
1.391489208984294009e+03 7.470815539499567892e-01
1.391692642594754489e+03 7.512048404931614964e-01
1.391896442752260782e+03 7.531868470335223442e-01
1.392100242909767076e+03 7.521678461156311446e-01
1.392304165249622201e+03 7.518439128380794978e-01
1.392507965407128495e+03 7.537845140809783517e-01
1.392712009929332226e+03 7.554461147479033523e-01
1.392916054451535729e+03 7.441574901134249131e-01
1.393120098973739232e+03 7.425451398386844204e-01
1.393324265678291567e+03 7.415976476460341971e-01
1.393528432382843903e+03 7.401286095980892377e-01
1.393732721269744616e+03 7.403241522283205978e-01
1.393937132338994161e+03 7.394080261786621922e-01
1.394141543408243706e+03 7.397833933167872189e-01
1.394345832295144419e+03 7.386846206773955981e-01
1.394550487729091174e+03 7.367822492093326625e-01
1.394755143163037928e+03 7.388771856570169883e-01
1.394959798596984683e+03 7.324214190709588124e-01
1.395164454030931438e+03 7.331184866275111123e-01
1.395369231647226798e+03 7.375756725147624149e-01
1.395574131445870762e+03 7.311835264505321952e-01
1.395779031244514726e+03 7.349920554783371252e-01
1.395984053225507296e+03 7.317521240468255472e-01
1.396189075206499865e+03 7.273969292962244593e-01
1.396394097187492434e+03 7.247729334505488286e-01
1.396599363533182441e+03 7.239137312719854389e-01
1.396804629878872220e+03 7.215233299051118099e-01
1.397009651859864789e+03 7.174680498047776300e-01
1.397215162570252005e+03 7.121610553553063827e-01
1.397420673280638994e+03 7.150543742793199486e-01
1.397626183991026210e+03 7.078390366206970263e-01
1.397831572519064594e+03 7.111253043119329931e-01
1.398037205411800414e+03 7.058698279993247393e-01
1.398242960486884840e+03 7.084522539276567610e-01
1.398448593379620434e+03 7.029812773729078312e-01
1.398654592819402069e+03 7.043264712012066164e-01
1.398860347894486495e+03 7.019736692417462010e-01
1.399066225151919525e+03 6.995423893242275204e-01
1.399272346774049538e+03 7.006148729835162126e-01
1.399478346213831173e+03 6.993741670059147042e-01
1.399684467835961414e+03 6.999560550856325225e-01
1.399890589458091654e+03 6.937615336071032424e-01
1.400096955444919104e+03 7.002730450625209713e-01
1.400303199249397949e+03 6.876074483831638995e-01
1.400509565236225626e+03 6.902505588640686085e-01
1.400716053405401681e+03 6.861892413134091928e-01
1.400922541574577735e+03 6.846036077340547088e-01
1.401129029743753790e+03 6.744849002199985177e-01
1.401335640095278677e+03 6.744974238299128455e-01
1.401542372629151942e+03 6.777312234191340545e-01
1.401749227345373811e+03 6.812259231146010618e-01
1.401956082061595907e+03 6.785524522802194314e-01
1.402162936777817777e+03 6.740210363057522747e-01
1.402369791494039873e+03 6.642303853029285499e-01
1.402576890574959180e+03 6.725376046782480799e-01
1.402783989655878258e+03 6.705217501337404906e-01
1.402991210919146170e+03 6.677891510616570381e-01
1.403198310000065476e+03 6.639123442552686827e-01
1.403405531263333160e+03 6.646580452872836720e-01
1.403612996891298280e+03 6.638111333508959211e-01
1.403820340336914796e+03 6.622466124053898451e-01
1.404027805964879917e+03 6.555853533658200227e-01
1.404235271592845038e+03 6.580646237517462360e-01
1.404442981585507368e+03 6.569139839290131233e-01
1.404650691578169699e+03 6.495923008598165627e-01
1.404858279388483425e+03 6.542423887660491211e-01
1.405066111563494360e+03 6.491415198722432223e-01
1.405273943738505523e+03 6.578873647428364890e-01
1.405481898095865063e+03 6.550157327219469083e-01
1.405689852453224603e+03 6.477122802329262630e-01
1.405897928992932975e+03 6.409949661658708164e-01
1.406106005532641120e+03 6.424007411699503844e-01
1.406314326437046475e+03 6.409468685857047099e-01
1.406522402976754847e+03 6.466926341910694820e-01
1.406730723881160202e+03 6.364108417089247016e-01
1.406939166967914389e+03 6.407737411113920700e-01
1.407147610054668576e+03 6.416088318026753612e-01
1.407356053141422535e+03 6.338909558382532783e-01
1.407564618410525327e+03 6.315381776273757408e-01
1.407773305861976723e+03 6.249455613694456790e-01
1.407981993313428120e+03 6.245623322934160671e-01
1.408190802947227894e+03 6.227627132264700327e-01
1.408399612581027895e+03 6.234805810102114210e-01
1.408608544397176502e+03 6.233745005445999743e-01
1.408817476213325108e+03 6.190054013339216787e-01
1.409026530211822319e+03 6.210985844890074548e-01
1.409235584210319757e+03 6.129726651925050396e-01
1.409444760391165573e+03 6.189130455297414679e-01
1.409653936572011389e+03 6.129527363035668364e-01
1.409863357117554415e+03 6.106786176022632739e-01
1.410072533298400231e+03 6.062489906424699537e-01
1.410282076026292088e+03 6.049066320473731606e-01
1.410491496571835114e+03 6.032373291416867067e-01
1.410701039299726972e+03 5.965229199707193786e-01
1.410910582027618602e+03 6.027245621963360778e-01
1.411120369120207670e+03 5.912039695504022196e-01
1.411330156212796510e+03 5.863052824883695502e-01
1.411539943305385577e+03 5.881031619964328661e-01
1.411749730397974417e+03 5.887655886333892363e-01
1.411959761855260695e+03 5.885122563023709175e-01
1.412169793312546972e+03 5.901701451465833914e-01
1.412379824769833249e+03 5.730454162476001922e-01
1.412589856227119526e+03 5.686981947581485342e-01
1.412800132049102785e+03 5.633827186232497342e-01
1.413010407871086272e+03 5.616103638431848566e-01
1.413220805875418364e+03 5.540451381702278244e-01
1.413430959515053246e+03 5.570922836283945800e-01
1.413641601884082775e+03 5.594477071084787978e-01
1.413852244253112076e+03 5.441271010404105102e-01
1.414062764439792772e+03 5.509959461073724585e-01
1.414273406808822074e+03 5.485897941872742711e-01
1.414484171360199980e+03 5.430544792074919469e-01
1.414694935911578114e+03 5.458892920639143442e-01
1.414905700462956020e+03 5.425016589099272979e-01
1.415116709379031363e+03 5.410696739449327719e-01
1.415327718295106479e+03 5.339249625135509270e-01
1.415538849393530427e+03 5.242113744272157705e-01
1.415749858309605543e+03 5.230461295245985021e-01
1.415961111590378096e+03 5.219595327992857525e-01
1.416172364871150421e+03 5.234202187165750697e-01
1.416383740334271579e+03 5.216160781283760706e-01
1.416595115797392737e+03 5.167998189946181320e-01
1.416806491260513894e+03 5.197684480121500528e-01
1.417018111088332262e+03 5.078276751473583817e-01
1.417229730916150629e+03 5.096967772949747566e-01
1.417441350743968997e+03 5.066426266563898162e-01
1.417652970571787137e+03 5.031771559132809379e-01
1.417864834764302941e+03 4.988123365516894947e-01
1.418076821139167123e+03 4.966426038912195584e-01
1.418288563149334095e+03 4.990249706732098334e-01
1.418500671706546882e+03 4.923054064765527427e-01
1.418712780263759669e+03 4.880664928804128166e-01
1.418924888820972683e+03 4.796473066877372515e-01
1.419136997378185470e+03 4.718059239357558776e-01
1.419349228117746861e+03 4.698527827210419727e-01
1.419561581039657085e+03 4.597262517761177003e-01
1.419774056143915686e+03 4.481334774492327644e-01
1.419986409065825910e+03 4.415915498894675828e-01
1.420199006352433116e+03 4.463099334756193137e-01
1.420411481456691945e+03 4.410716722584527849e-01
1.420624323107996588e+03 4.263295371801473777e-01
1.420836920394603794e+03 4.181012658839394769e-01
1.421049762045908437e+03 4.156507547708707118e-01
1.421262603697213081e+03 4.184995713221429936e-01
1.421475445348517724e+03 4.089363791460502440e-01
1.421688531364519577e+03 4.146936627154821364e-01
1.421901617380521429e+03 4.160220808804097614e-01
1.422114825578871887e+03 4.169780288327729068e-01
1.422327911594873740e+03 4.122742122378944551e-01
1.422541241975572802e+03 4.053956685960120043e-01
1.422754572356271865e+03 4.068809236115243366e-01
1.422968024919319532e+03 4.061316562235700589e-01
1.423181233117670217e+03 4.052316567826939053e-01
1.423394930045415094e+03 4.005643926161948642e-01
1.423608504790811367e+03 3.969918722065162719e-01
1.423822201718556471e+03 3.986119436502256197e-01
1.424035898646301348e+03 4.004941991278363478e-01
1.424249717756395057e+03 4.024569423153757097e-01
1.424463659048837144e+03 3.997567706711493418e-01
1.424677355976582248e+03 3.986177678659862389e-01
1.424891541633721545e+03 3.936647952910480863e-01
1.425105605108512464e+03 3.949420494323384601e-01
1.425319790765651987e+03 3.943674405191669452e-01
1.425533976422791511e+03 3.981049161451293283e-01
1.425748284262279640e+03 3.955331501503845937e-01
1.425962592101767541e+03 4.011295958078718860e-01
1.426177022123604274e+03 4.033533681619809741e-01
1.426391452145441008e+03 4.028985707241389824e-01
1.426606004349626346e+03 4.101071773456131941e-01
1.426820678736160517e+03 4.132797108216871851e-01
1.427035353122694460e+03 4.143853261002301558e-01
1.427250027509228403e+03 4.179737083604441739e-01
1.427464824078110951e+03 4.253436670380897344e-01
1.427679865011690708e+03 4.190793754850103969e-01
1.427894661580573484e+03 4.194299295398651872e-01
1.428109702514153241e+03 4.126089667289498109e-01
1.428324865630081831e+03 4.123367371597523867e-01
1.428540028746010194e+03 4.048521014995635214e-01
1.428755191861938783e+03 4.090408619132323009e-01
1.428970477160215751e+03 4.148668704612860636e-01
1.429185884640841550e+03 4.169551884507385897e-01
1.429401414303815955e+03 4.162728475394667504e-01
1.429616821784441527e+03 4.323212984127115521e-01
1.429832351447415931e+03 4.616896883054281697e-01
1.430048003292738940e+03 4.724636276829707882e-01
1.430263532955713345e+03 4.873777498747506876e-01
1.430479429165733563e+03 4.992176922123766625e-01
1.430695325375753782e+03 4.996961160378086686e-01
1.430911343768122606e+03 5.029106869732862251e-01
1.431127239978142825e+03 4.990097562962263478e-01
1.431343258370511649e+03 4.835601781231687046e-01
1.431559398945229077e+03 4.779883768320208337e-01
1.431775539519946506e+03 4.644048980326703213e-01
1.431991802277012766e+03 4.543817484002684037e-01
1.432208187216427405e+03 4.473815595993038130e-01
1.432424572155842043e+03 4.341310133515295933e-01
1.432640957095256908e+03 4.105531054614889319e-01
1.432857464217020151e+03 3.892729040036724819e-01
1.433074093521132227e+03 3.763345696112216365e-01
1.433290845007592679e+03 3.515000741448551791e-01
1.433507474311704755e+03 3.379260712313710280e-01
1.433724347980514040e+03 3.135876130539193007e-01
1.433941221649323097e+03 2.869486152730703066e-01
1.434158095318132382e+03 2.634996551952836219e-01
1.434375091169290272e+03 2.478296545257132055e-01
1.434592209202796766e+03 2.312817034727510379e-01
1.434809449418651866e+03 2.234420709565242136e-01
1.435026567452158361e+03 2.107428955038249951e-01
1.435243929850362065e+03 2.125761236565877066e-01
1.435461292248565769e+03 2.237279401426377767e-01
1.435678654646769473e+03 2.368876794468517955e-01
1.435896139227321783e+03 2.510519119643142005e-01
1.436113745990222696e+03 2.738244091363077337e-01
1.436331352753123838e+03 2.944594098508671043e-01
1.436548959516024752e+03 3.155506714823933523e-01
1.436766810643622875e+03 3.373114011404540480e-01
1.436984661771221226e+03 3.592902059672170023e-01
1.436984783953569831e+03 3.571558636065541026e-01
1.437202512898819350e+03 3.664510354403697767e-01
1.437420364026417701e+03 3.912934448404679078e-01
1.437638581701061639e+03 4.143307904252565566e-01
1.437638703883410244e+03 4.067963682071615295e-01
1.437856799375705805e+03 4.191579305760331775e-01
1.438074894868001365e+03 4.309144978897873068e-01
1.438293112542645304e+03 4.374480419202452230e-01
1.438293234724993908e+03 4.423035831797215156e-01
1.438511452399638074e+03 4.440739283695491202e-01
1.438729792256630844e+03 4.485235438321755197e-01
1.438948254295972220e+03 4.584843538118259509e-01
1.438948376478320824e+03 4.651877134708429784e-01
1.439166838517662200e+03 4.647460357694189192e-01
1.439385544921700784e+03 4.616884892722639688e-01
1.439604129143390765e+03 4.828498306947419660e-01
1.439604251325739369e+03 4.861648989335355941e-01
1.440260492720203729e+03 5.130912256274670069e-01
1.440917711573457154e+03 5.292013914282660547e-01
1.441575419156104999e+03 5.456603125932980580e-01
1.442233737650496096e+03 5.498959609625335698e-01
1.442892667056630216e+03 5.766579698338789584e-01
1.443552329556856193e+03 5.837640867256169708e-01
1.444212480786476590e+03 5.820893184941625664e-01
1.444873365110188843e+03 5.615747093775904641e-01
1.445534982527992724e+03 5.697601486434107354e-01
1.446196966492842421e+03 6.012173910388959319e-01
1.446859805734132578e+03 6.179341109343177152e-01
1.447523133704817155e+03 6.364613217218341168e-01
1.448187316951942194e+03 6.423824416456866970e-01
1.448851988928461878e+03 6.400079372779310383e-01
1.449517271816724588e+03 6.400449866997467430e-01
1.450183287799078926e+03 6.495834069921773146e-01
1.450849914693176515e+03 6.649532726475929634e-01
1.451517152499017129e+03 6.652909768841218652e-01
1.452185123398949600e+03 6.666387085102104537e-01
1.452853705210625094e+03 6.706961859850192331e-01
1.453522775751695008e+03 6.635311782213911824e-01
1.454192701569205383e+03 6.694891816774670712e-01
1.454863238298459009e+03 6.470598297791998466e-01
1.455534385939455660e+03 6.590309772824088919e-01
1.456206144492195335e+03 6.693845663715941585e-01
1.456878636139026867e+03 6.753584769659599640e-01
1.457551738697601650e+03 6.760538877135902069e-01
1.458225452167919457e+03 6.956249520403878783e-01
1.458899898732328893e+03 6.936769955469683779e-01
1.459574956208481581e+03 7.021642536229818488e-01
1.460250746778725897e+03 7.098053275734407253e-01
1.460927026078364861e+03 7.222997139129495592e-01
1.461604160654444058e+03 7.279642832812424080e-01
1.462281906142266507e+03 7.337388215963039917e-01
1.462960262541831980e+03 7.419020814416688037e-01
1.463639229853140705e+03 7.461243484133842641e-01
1.464318930258541059e+03 7.473371475983271450e-01
1.464999241575684664e+03 7.352838874558333959e-01
1.465680285986919898e+03 7.368973461769587896e-01
1.466361941309898384e+03 7.399056161922842323e-01
1.467044329726968499e+03 7.460997958258268614e-01
1.467727329055781638e+03 7.495418851730102361e-01
1.468410939296338029e+03 7.391812523537076851e-01
1.469095282630986276e+03 7.434823841034362557e-01
1.469780359059726152e+03 7.264328118199537832e-01
1.470466046400209052e+03 7.382257547105104400e-01
1.471152344652435204e+03 7.268484712363956213e-01
1.471839375998753212e+03 7.141984197091456599e-01
1.472527018256814245e+03 7.077127293738197933e-01
1.473215393608966906e+03 7.019004394659935642e-01
1.473904502055211424e+03 6.880662407638228339e-01
1.474594221413199193e+03 6.413109903968126080e-01
1.475284673865278592e+03 5.579047992038390635e-01
1.475975737229101014e+03 5.399745146877312774e-01
1.476667533687015293e+03 6.528949145118226882e-01
1.477359941056672596e+03 7.006882944594745588e-01
1.478053081520421756e+03 7.294786337613643479e-01
1.478746832895914167e+03 7.405582043171734519e-01
1.479441439547846812e+03 7.401504802587652865e-01
1.480136534929173877e+03 7.478843174809123306e-01
1.480832485586941402e+03 7.521350064354481724e-01
1.481529047156451952e+03 7.490331254226679780e-01
1.482226219637705753e+03 7.420908168534605664e-01
1.482924247395400016e+03 7.415603396504283351e-01
1.483622763882488471e+03 7.357588748531397327e-01
1.484322135646017614e+03 7.442979782139270695e-01
1.485022118321289781e+03 7.381126052366989709e-01
1.485722834090653578e+03 7.434657238389529299e-01
1.486424160771760626e+03 7.478921137149582288e-01
1.487126342729307908e+03 7.475779081780932200e-01
1.487829135598598441e+03 7.585813535098778759e-01
1.488532661561980831e+03 7.337413068864229171e-01
1.489236798437106017e+03 7.316832967538740018e-01
1.489941668406323288e+03 7.433549221759164771e-01
1.490647271469632187e+03 7.427603524788558564e-01
1.491353607627032716e+03 7.402323179956509236e-01
1.492060554696176496e+03 7.479121578073610888e-01
1.492768234859411905e+03 7.430394929576566998e-01
1.493476648116739170e+03 7.333413770719203750e-01
1.494185672285809687e+03 7.393891514721084857e-01
1.494895551731320438e+03 7.466868007457569956e-01
1.495606042088574213e+03 7.403901048792783657e-01
1.496317265539919845e+03 7.476796532011572571e-01
1.497029099903008728e+03 7.445832770340374829e-01
1.497741789542537845e+03 7.283867049828711693e-01
1.498455090093809986e+03 7.161724931480940581e-01
1.499169245921522588e+03 7.074368979516605371e-01
1.499884012660978442e+03 6.967046928373362702e-01
1.500599512494525925e+03 6.871940631522112097e-01
1.501315745422165037e+03 7.060273609925312721e-01
1.502032589261547400e+03 7.408187833052941595e-01
1.502750288377370225e+03 7.704682397323386889e-01
1.503468692605142223e+03 7.408177885335474055e-01
1.504187076394204723e+03 7.741404406509857505e-01
1.504906314675454723e+03 7.599344513390092759e-01
1.505626041237954723e+03 7.555848400984919166e-01
1.506346622292642223e+03 7.515450414522707456e-01
1.507067935769204723e+03 7.511580756777781476e-01
1.507789981667642223e+03 7.542785460196761438e-01
1.508512759987954723e+03 7.588088820790711564e-01
1.509236270730142223e+03 7.605480768485174403e-01
1.509960513894204723e+03 7.485463154376692518e-01
1.510685489480142223e+03 7.417747385037818386e-01
1.511411197487954723e+03 7.462814057073404728e-01
1.512137515847329723e+03 7.458784689392599088e-01
1.512864688698892223e+03 7.418724977134690812e-01
1.513592593972329723e+03 7.394000535548600483e-01
1.514321231667642223e+03 7.347982131220069935e-01
1.515050601784829723e+03 7.340823270983175552e-01
1.515780704323892223e+03 7.303851406332543261e-01
1.516511661355142223e+03 7.289180760701520212e-01
1.517243228737954723e+03 7.149189200466523619e-01
1.517975284402017223e+03 7.257777133100181688e-01
1.518708438698892223e+03 7.129602417721526697e-01
1.519442325417642223e+03 7.205400414269921283e-01
1.520176822487954723e+03 7.170117355484229016e-01
1.520912174050454723e+03 7.184299038854803365e-01
1.521648258034829723e+03 7.123759526580901724e-01
1.522385074441079723e+03 7.134350655270518260e-01
1.523122501198892223e+03 7.100007002547539248e-01
1.523860782448892223e+03 7.163617048520080077e-01
1.524599796120767223e+03 7.198784364920632894e-01
1.525339664284829723e+03 7.099935638651266867e-01
1.526080020730142223e+03 7.196261187672061688e-01
1.526821475808267223e+03 7.196303968405849405e-01
1.527563297097329723e+03 7.119796420945868620e-01
1.528306339089517223e+03 7.226365029129040440e-01
1.529049869362954723e+03 7.234116823540602814e-01
1.529794254128579723e+03 7.140960147948720582e-01
1.530539371316079723e+03 7.154632380640680855e-01
1.531285220925454723e+03 7.256091638823203294e-01
1.532031680886392223e+03 7.214223440455725944e-01
1.532779117409829723e+03 7.141723797855460409e-01
1.533527286355142223e+03 6.914010652536771717e-01
1.534276065652017223e+03 6.706557109419287732e-01
1.535025943581704723e+03 6.891866664219615801e-01
1.535776065652017223e+03 6.966343079306485109e-01
1.536527530495767223e+03 7.018024610742787939e-01
1.537279483620767223e+03 6.929011371353132054e-01
1.538032291237954723e+03 6.925973379676002573e-01
1.538785831277017223e+03 6.632971544673074149e-01
1.539539981667642223e+03 6.457220377068784156e-01
1.540295108620767223e+03 6.151989814304235082e-01
1.541050967995767223e+03 5.734942897037447196e-01
1.541807681862954723e+03 4.950237919220646932e-01
1.542565128152017223e+03 4.037296471133707265e-01
1.543323184792642223e+03 3.912280632138922520e-01
1.544082095925454723e+03 5.152111250103684759e-01
1.544841983620767223e+03 5.930198607950128986e-01
1.545602603737954723e+03 6.274699174592756057e-01
1.546363834206704723e+03 6.525952304895848988e-01
1.547125919167642223e+03 6.646478932328799827e-01
1.547888858620767223e+03 6.669408216048400284e-01
1.548652652566079723e+03 6.627470214527031445e-01
1.549417056862954723e+03 6.563520854302176133e-01
1.550182315652017223e+03 6.490953274341304535e-01
1.550948428933267223e+03 6.161316471341186096e-01
1.551715274636392223e+03 6.080314094855965301e-01
1.552482852761392223e+03 6.019344533652716267e-01
1.553251285378579723e+03 6.161141657354458623e-01
1.554020572487954723e+03 6.031640133617264254e-01
1.554790714089517223e+03 6.068889040374877419e-01
1.555561466042642223e+03 6.105031494719481699e-01
1.556333194558267223e+03 6.103550608921615162e-01
1.557105655495767223e+03 6.190725339125721094e-01
1.557878970925454723e+03 6.245415966351692827e-01
1.558652896706704723e+03 6.246491902361051007e-01
1.559427799050454723e+03 6.177477451346208293e-01
1.560203555886392223e+03 6.098812308388169567e-01
1.560980045144204723e+03 6.168969706263397468e-01
1.561757266823892223e+03 6.219810676396761995e-01
1.562535342995767223e+03 6.221070408003428476e-01
1.563314395730142223e+03 6.265198466688931545e-01
1.564094058816079723e+03 6.257579518499259974e-01
1.564874576394204723e+03 6.250973280493725692e-01
1.565655948464517223e+03 6.253825013816599609e-01
1.566438175027017223e+03 6.467047854816998509e-01
1.567221134011392223e+03 6.438244886515236409e-01
1.568004947487954723e+03 6.602431673421877978e-01
1.568789737527017223e+03 6.534005027596710979e-01
1.569575015847329723e+03 6.488512539052163630e-01
1.570361392800454723e+03 6.421647025179418877e-01
1.571148380105142223e+03 6.367236883802687153e-01
1.571936466042642223e+03 6.095554354167047606e-01
1.572725284402017223e+03 6.068257738902770315e-01
1.573514835183267223e+03 5.631646804790511052e-01
1.574305240456704723e+03 5.360351978132890105e-01
1.575096500222329723e+03 4.938525905813499484e-01
1.575888736550454723e+03 4.394902494417334826e-01
1.576681705300454723e+03 3.645809734068410357e-01
1.577475406472329723e+03 2.659544769970082490e-01
1.578269962136392223e+03 2.689339412468274015e-01
1.579065494362954723e+03 3.559718172296144068e-01
1.579861636941079723e+03 4.433178360144602315e-01
1.580658878152017223e+03 5.014416334749755011e-01
1.581456973855142223e+03 5.565294363301147573e-01
1.582255679909829723e+03 5.831562157926788448e-01
1.583055362527017223e+03 5.804133772449991957e-01
1.583855777566079723e+03 6.003513087645141466e-01
1.584657169167642223e+03 5.877182252385644290e-01
1.585459415261392223e+03 6.117692857443065568e-01
1.586262393777017223e+03 6.090217921066513052e-01
1.587066348855142223e+03 6.069130619205552746e-01
1.587871158425454723e+03 6.179020149663638772e-01
1.588676578347329723e+03 6.280012569767329245e-01
1.589483218972329723e+03 6.014311331605211031e-01
1.590290714089517223e+03 5.643525086382071843e-01
1.591098819558267223e+03 5.539034735070986759e-01
1.591907901589517223e+03 5.556916754956090498e-01
1.592717716042642223e+03 5.712308941201239554e-01
1.593528507058267223e+03 5.669396028704186685e-01
1.594340274636392223e+03 5.725813417109367753e-01
1.595152652566079723e+03 5.982338374234950074e-01
1.595966129128579723e+03 6.212414093968110507e-01
1.596780460183267223e+03 6.474640128905885250e-01
1.597595279519204723e+03 6.557585692035859948e-01
1.598411441628579723e+03 6.673780026108770969e-01
1.599228336159829723e+03 6.732083340102503755e-01
1.600046085183267223e+03 6.834663140023581329e-01
1.600864688698892223e+03 6.715178396428241880e-01
1.601684146706704723e+03 6.400179185928727144e-01
1.602504581277017223e+03 6.129180507340743489e-01
1.603325748269204723e+03 5.758831890152097399e-01
1.604147891823892223e+03 5.733323109543717599e-01
1.604971011941079723e+03 6.066782532601552314e-01
1.605794864480142223e+03 6.034536770109009129e-01
1.606619571511392223e+03 5.763243797783631495e-01
1.607445255105142223e+03 5.234824341655677227e-01
1.608271915261392223e+03 4.311244571559134653e-01
1.609099307839517223e+03 3.140156792545716891e-01
1.609927676980142223e+03 2.927762981698962541e-01
1.610756900612954723e+03 3.946679661625072666e-01
1.611586978737954723e+03 5.013344909850951936e-01
1.612418033425454723e+03 5.669857019165391865e-01
1.613249942605142223e+03 6.196930734097414462e-01
1.614082828347329723e+03 6.377525482515155053e-01
1.614916446511392223e+03 6.697526220665602770e-01
1.615751041237954723e+03 6.729205066284714709e-01
1.616586612527017223e+03 6.642022839587611305e-01
1.617423038308267223e+03 6.582137618347965180e-01
1.618260440652017223e+03 6.804412651239902798e-01
1.619098697487954723e+03 6.915815009186728757e-01
1.619937930886392223e+03 7.121312010535172377e-01
1.620777896706704723e+03 7.101652733642909165e-01
1.621618961159829723e+03 7.267598357320584901e-01
1.622460758034829723e+03 7.150678561401199174e-01
1.623303653542642223e+03 7.279950926002430878e-01
1.624147281472329723e+03 7.361935060356256111e-01
1.624992008034829723e+03 7.428559603863110761e-01
1.625837467019204723e+03 7.452339640497691597e-01
1.626683902566079723e+03 7.478101001390620173e-01
1.627531314675454723e+03 7.460407178110292081e-01
1.628379703347329723e+03 7.501905428730009096e-01
1.629228946511392223e+03 7.398679370698305613e-01
1.630079166237954723e+03 7.547582166159366723e-01
1.630930240456704723e+03 7.576667123151081817e-01
1.631782291237954723e+03 7.606683251202005502e-01
1.632635318581704723e+03 7.378382075122144057e-01
1.633489200417642223e+03 7.312291280053482279e-01
1.634344058816079723e+03 6.814672486465104262e-01
1.635199771706704723e+03 6.947210972242489069e-01
1.636056461159829723e+03 7.416625683652716683e-01
1.636914127175454723e+03 7.320901757932140042e-01
1.637772647683267223e+03 7.512095205139993626e-01
1.638632266823892223e+03 7.529164916627114623e-01
1.639492740456704723e+03 7.011958965461609905e-01
1.640354190652017223e+03 7.411567149888873551e-01
1.641216495339517223e+03 7.670614342917566608e-01
1.642079898659829723e+03 7.791091785047750129e-01
1.642944156472329723e+03 7.927703004716445401e-01
1.643809390847329723e+03 7.853424491988442169e-01
1.644675479714517223e+03 7.789804157350161962e-01
